em: 0.284
f1: 0.5235559958330038
acc: 0.958
precision: 0.4380577611289072
recall: 0.954
