em: 0.2
f1: 0.3946677959721438
acc: 0.8666666666666667
precision: 0.3176943249389071
recall: 0.8666666666666667
