em: 0.116
f1: 0.3139813347884664
acc: 0.876
precision: 0.23971228281863824
recall: 0.8693333333333334
