em: 0.3333333333333333
f1: 0.4926143790849673
acc: 0.8666666666666667
precision: 0.4295049979260507
recall: 0.8666666666666667
