em: 0.26666666666666666
f1: 0.4097354497354496
acc: 0.7333333333333333
precision: 0.3516666666666667
recall: 0.7333333333333333
