em: 0.26666666666666666
f1: 0.38973544973544966
acc: 0.7333333333333333
precision: 0.3387651821862348
recall: 0.7333333333333333
