em: 0.04
f1: 0.27884593801902074
acc: 0.9
precision: 0.19178660052107202
recall: 0.9
