em: 0.33
f1: 0.5567777939712082
acc: 0.97
precision: 0.47910325678244114
recall: 0.965
