em: 0.12
f1: 0.30169468794987986
acc: 0.87
precision: 0.23372690596303008
recall: 0.87
