em: 0.06666666666666667
f1: 0.22561359280554327
acc: 0.7333333333333333
precision: 0.15742790419772518
recall: 0.8
