em: 0.39
f1: 0.5471515466896743
acc: 0.812
precision: 0.4941411243506162
recall: 0.8126666666666666
