em: 0.13333333333333333
f1: 0.3184648489911648
acc: 0.8666666666666667
precision: 0.2409629771291278
recall: 0.9333333333333333
