em: 0.3566666666666667
f1: 0.5228653909964261
acc: 0.8033333333333333
precision: 0.46666748908303757
recall: 0.8066666666666665
