em: 0.11
f1: 0.30764968948092025
acc: 0.8866666666666667
precision: 0.23156832070464395
recall: 0.8811111111111113
