em: 0.35
f1: 0.5340388590348141
acc: 0.82
precision: 0.4738564491064492
recall: 0.8366666666666666
