em: 0.31
f1: 0.5453922660482836
acc: 0.9633333333333334
precision: 0.4628611243456519
recall: 0.96
